5.57294632008e-08 -1.01288320231e-08 -4.26032528044e-09 -3.07627767337e-08 -1.01288320231e-08 2.01083228864e-07 -2.03463664599e-07 3.46406516388e-08 -4.26032528044e-09 -2.03463664599e-07 6.01105859016e-07 -2.34248144791e-07 -3.07627767337e-08 3.46406516388e-08 -2.34248144791e-07 7.9692695148e-07 
4.30652064038e-08 3.18051431569e-09 5.979138721e-09 -1.58963437498e-08 3.18051431569e-09 5.26270935901e-08 7.74025350409e-09 -2.02413453815e-08 5.979138721e-09 7.74025350409e-09 1.4543917224e-07 -4.61815740808e-08 -1.58963437498e-08 -2.02413453815e-08 -4.61815740808e-08 3.25315827079e-07 
5.43378046894e-06 2.32484503059e-05 4.10987945923e-06 -3.27112930981e-05 2.32484503059e-05 0.000105177940777 1.33837276684e-05 -0.000141482187147 4.10987945923e-06 1.33837276684e-05 6.40227860101e-06 -2.38117644669e-05 -3.27112930981e-05 -0.000141482187147 -2.38117644669e-05 0.000197543021917 
4.20229369104e-09 1.58582395846e-09 3.77212528355e-10 -3.42390797832e-09 1.58582395846e-09 8.14303390718e-09 6.87845054392e-10 -6.27906886636e-09 3.77212528355e-10 6.87845054392e-10 1.16490890145e-08 -2.24102510742e-09 -3.42390797832e-09 -6.27906886636e-09 -2.24102510742e-09 4.64171124312e-08 
3.81238915565e-08 1.33626941331e-09 -3.00870487015e-08 7.79211079529e-09 1.33626941331e-09 5.67801493281e-08 2.16038938162e-08 -6.22481218243e-08 -3.00870487015e-08 2.16038938162e-08 2.27873942508e-07 -1.68122786533e-07 7.79211079529e-09 -6.22481218243e-08 -1.68122786533e-07 4.73377158442e-07 
5.87880046228e-05 -2.45702780359e-05 -4.81550463244e-05 1.28228756625e-05 -2.45702780359e-05 1.05490281281e-05 1.9716022204e-05 -5.22048014813e-06 -4.81550463244e-05 1.9716022204e-05 4.02682916625e-05 -1.08943944596e-05 1.28228756625e-05 -5.22048014813e-06 -1.08943944596e-05 3.10469660509e-06 
5.57258534595e-08 -9.54637403767e-09 -5.05037772479e-09 -3.07234530335e-08 -9.54637403767e-09 1.97413171941e-07 -1.98207722994e-07 3.27392609876e-08 -5.05037772479e-09 -1.98207722994e-07 5.93350771116e-07 -2.32155391698e-07 -3.07234530335e-08 3.27392609876e-08 -2.32155391698e-07 7.95293140852e-07 
3.77920402382e-08 1.91834437379e-09 1.04145593891e-09 -9.71455231804e-09 1.91834437379e-09 3.8332090671e-08 1.19642623971e-09 -7.69822712406e-09 1.04145593891e-09 1.19642623971e-09 8.60943781283e-08 -8.01839428405e-09 -9.71455231804e-09 -7.69822712406e-09 -8.01839428405e-09 2.64049423608e-07 
1.45213162198e-05 4.77526144563e-05 -1.6031411829e-05 -4.61991813749e-05 4.77526144563e-05 0.000160978038675 -6.1328074707e-05 -0.000147264790102 -1.6031411829e-05 -6.1328074707e-05 3.65559210111e-05 4.07692419681e-05 -4.61991813749e-05 -0.000147264790102 4.07692419681e-05 0.000152557397289 
1.58831091786e-08 1.22041712827e-09 -5.01496012902e-09 -8.71456319727e-09 1.22041712827e-09 4.23626676742e-08 -1.00011778613e-08 -2.43292916261e-08 -5.01496012902e-09 -1.00011778613e-08 1.03549483082e-07 -5.20052245478e-08 -8.71456319727e-09 -2.43292916261e-08 -5.20052245478e-08 1.93029865038e-07 
1.70043501594e-08 -2.49413120874e-10 -1.52707942058e-10 -4.78483750551e-12 -2.49413120874e-10 3.93021332228e-08 4.08517558624e-10 -1.54889112741e-09 -1.52707942058e-10 4.08517558624e-10 1.29170525538e-07 -4.0528652544e-09 -4.78483750551e-12 -1.54889112741e-09 -4.0528652544e-09 3.51106887311e-07 
6.95377754837e-08 4.90517351759e-08 -4.61464054329e-08 -5.91167067869e-08 4.90517351759e-08 2.04739263868e-07 -1.12178531191e-07 -1.17246035159e-07 -4.61464054329e-08 -1.12178531191e-07 2.93059812955e-07 -8.48176359417e-08 -5.91167067869e-08 -1.17246035159e-07 -8.48176359417e-08 4.61221470672e-07 
3.87720452555e-07 5.13870509287e-07 -1.02609061974e-06 1.19746605187e-07 5.13870509287e-07 7.04586471486e-07 -1.37978345173e-06 1.57977157492e-07 -1.02609061974e-06 -1.37978345173e-06 2.77486152794e-06 -3.31220145588e-07 1.19746605187e-07 1.57977157492e-07 -3.31220145588e-07 9.32640548092e-08 
2.43899409769e-05 1.24186902779e-05 -1.94248688299e-05 -1.7273953271e-05 1.24186902779e-05 3.13185103392e-05 -8.04194158473e-06 -3.55271302299e-05 -1.94248688299e-05 -8.04194158473e-06 1.56141059438e-05 1.17762767093e-05 -1.7273953271e-05 -3.55271302299e-05 1.17762767093e-05 4.08352986026e-05 
5.68815010199e-07 1.19999210935e-06 7.27646956596e-06 -9.04971836194e-06 1.19999210935e-06 2.65179995718e-06 1.42289221958e-05 -1.80829837532e-05 7.27646956596e-06 1.42289221958e-05 0.000130233828752 -0.00015188372803 -9.04971836194e-06 -1.80829837532e-05 -0.00015188372803 0.000179298768926 
1.4386660059e-05 6.48017519506e-05 -7.22881127572e-06 -7.19325423234e-05 6.48017519506e-05 0.000305994465714 -4.08474651882e-05 -0.000329714286017 -7.22881127572e-06 -4.08474651882e-05 8.51185522535e-06 3.94906635191e-05 -7.19325423234e-05 -0.000329714286017 3.94906635191e-05 0.000361991211078 
0.000135888526157 5.84781519101e-05 -3.17614929544e-05 -0.000162564741348 5.84781519101e-05 4.70514437915e-05 -2.81074744274e-06 -0.000102777734933 -3.17614929544e-05 -2.81074744274e-06 1.28143197495e-05 2.17113448372e-05 -0.000162564741348 -0.000102777734933 2.17113448372e-05 0.000243699956769 
1.60280170734e-09 2.52554567061e-09 3.01356854321e-09 3.42136108022e-09 2.52554567061e-09 3.98368229578e-09 4.75150171448e-09 5.39447600267e-09 3.01356854321e-09 4.75150171448e-09 5.67419825157e-09 6.43683753604e-09 3.42136108022e-09 5.39447600267e-09 6.43683753604e-09 7.31682110463e-09 
1.09995917244e-08 4.68966214211e-10 2.11876534965e-10 -3.5102975429e-09 4.68966214211e-10 1.43906375671e-08 1.2139613118e-09 -4.03565366457e-09 2.11876534965e-10 1.2139613118e-09 4.38297407185e-08 -1.37574046083e-08 -3.5102975429e-09 -4.03565366457e-09 -1.37574046083e-08 1.32656078717e-07 
3.44558571446e-08 -5.8483373075e-09 -1.33522467601e-08 -9.73801974048e-09 -5.8483373075e-09 2.34312762064e-08 -2.49010654587e-09 -4.67932609687e-09 -1.33522467601e-08 -2.49010654587e-09 1.74694902027e-07 -1.15368749742e-07 -9.73801974048e-09 -4.67932609687e-09 -1.15368749742e-07 2.38798886546e-07 
1.85918249852e-08 -5.06867652882e-09 -1.02561821092e-08 2.32083022202e-10 -5.06867652882e-09 2.95339263765e-08 2.61396847115e-08 -4.46050539962e-08 -1.02561821092e-08 2.61396847115e-08 1.36727415714e-07 -1.28854743076e-07 2.32083022202e-10 -4.46050539962e-08 -1.28854743076e-07 2.53917853805e-07 
7.48113050766e-07 -1.25765311821e-06 6.33996614832e-07 -1.14172978466e-07 -1.25765311821e-06 2.54169353662e-06 -1.59925784986e-06 3.26978602242e-07 6.33996614832e-07 -1.59925784986e-06 1.20699307721e-06 -2.67073797884e-07 -1.14172978466e-07 3.26978602242e-07 -2.67073797884e-07 6.51178869897e-08 
6.61331768589e-08 -1.37202175438e-09 -1.06741687013e-08 2.83664265691e-09 -1.37202175438e-09 1.56216299303e-07 6.19254361836e-09 -2.54696226026e-08 -1.06741687013e-08 6.19254361836e-09 3.65968196847e-07 -3.69819785726e-08 2.83664265691e-09 -2.54696226026e-08 -3.69819785726e-08 1.17580494174e-06 
5.45486866879e-07 -1.67711346553e-06 2.44329066487e-08 1.09397402799e-06 -1.67711346553e-06 6.43166197487e-06 -3.6083036847e-07 -4.33877013007e-06 2.44329066487e-08 -3.6083036847e-07 4.60722874999e-07 -8.07769873725e-08 1.09397402799e-06 -4.33877013007e-06 -8.07769873725e-08 3.46414509815e-06 
5.58791597742e-06 1.03040979581e-05 1.22602411872e-06 -1.70782292634e-05 1.03040979581e-05 2.22436451257e-05 1.02968076923e-06 -3.35180667383e-05 1.22602411872e-06 1.02968076923e-06 7.3677878231e-07 -2.97812589004e-06 -1.70782292634e-05 -3.35180667383e-05 -2.97812589004e-06 5.34624263512e-05 
3.99412558434e-06 -1.48764454405e-06 9.9825561683e-07 -3.57918619084e-06 -1.48764454405e-06 6.49204221725e-07 -3.79377519764e-07 1.2554811209e-06 9.9825561683e-07 -3.79377519764e-07 6.46526248275e-07 -1.25510320592e-06 -3.57918619084e-06 1.2554811209e-06 -1.25510320592e-06 3.77411510125e-06 
1.0778442532e-07 3.54578325982e-08 6.1680475748e-08 -1.84261140359e-07 3.54578325982e-08 1.98547172021e-07 -1.14106867237e-07 -8.90733747333e-08 6.1680475748e-08 -1.14106867237e-07 4.44681141978e-07 -3.35233355584e-07 -1.84261140359e-07 -8.90733747333e-08 -3.35233355584e-07 7.85516242386e-07 
2.57355589661e-07 2.57964402561e-09 3.91512252176e-11 -7.42108951612e-09 2.57964402561e-09 3.33673235908e-07 1.03904808011e-09 -7.52450613169e-09 3.91512252176e-11 1.03904808011e-09 8.17429951054e-07 -7.02051937153e-09 -7.42108951612e-09 -7.52450613169e-09 -7.02051937153e-09 2.96937888768e-06 
1.84558164116e-05 -5.52546600657e-06 2.38391740993e-05 -3.66785545651e-05 -5.52546600657e-06 1.65543323072e-06 -7.13688158393e-06 1.09803069354e-05 2.38391740993e-05 -7.13688158393e-06 3.07975381779e-05 -4.73807264506e-05 -3.66785545651e-05 1.09803069354e-05 -4.73807264506e-05 7.29021690794e-05 
1.05186210815e-06 1.67938001981e-06 7.30608552883e-06 -1.01610844479e-05 1.67938001981e-06 2.80303360803e-06 1.18921211032e-05 -1.65697647348e-05 7.30608552883e-06 1.18921211032e-05 5.13577986709e-05 -7.1425219036e-05 -1.01610844479e-05 -1.65697647348e-05 -7.1425219036e-05 9.94336126079e-05 
3.6884986343e-08 4.12724633782e-08 8.36816376325e-09 -8.32984322077e-08 4.12724633782e-08 1.55954175142e-07 2.05784012526e-08 -2.07509747835e-07 8.36816376325e-09 2.05784012526e-08 2.79617616364e-07 -2.77775094645e-07 -8.32984322077e-08 -2.07509747835e-07 -2.77775094645e-07 7.87259662772e-07 
3.14576364081e-06 1.57758727408e-05 -2.7490291732e-06 -1.61387305567e-05 1.57758727408e-05 7.92948361964e-05 -1.38383920002e-05 -8.10638648928e-05 -2.7490291732e-06 -1.38383920002e-05 2.44320098882e-06 1.41194157048e-05 -1.61387305567e-05 -8.10638648928e-05 1.41194157048e-05 8.2922296752e-05 
1.70245672708e-08 -2.53113859616e-10 -1.55162355934e-10 -1.08619499928e-11 -2.53113859616e-10 3.93532434984e-08 4.20922256071e-10 -1.5903956393e-09 -1.55162355934e-10 4.20922256071e-10 1.29350809169e-07 -4.18381346418e-09 -1.08619499928e-11 -1.5903956393e-09 -4.18381346418e-09 3.51448532578e-07 
4.28784599755e-08 5.25745704189e-07 2.64776559024e-08 -5.90169399152e-07 5.25745704189e-07 7.47934832558e-06 1.34783848494e-07 -8.06647506589e-06 2.64776559024e-08 1.34783848494e-07 5.82044741388e-08 -2.1725748588e-07 -5.90169399152e-07 -8.06647506589e-06 -2.1725748588e-07 8.8014148029e-06 
4.51073184833e-08 2.04108820011e-08 -3.19204204395e-09 -5.60038436426e-08 2.04108820011e-08 9.77975698718e-08 -2.73557149604e-08 -7.83178037573e-08 -3.19204204395e-09 -2.73557149604e-08 2.61220990637e-07 -1.82321904949e-07 -5.60038436426e-08 -7.83178037573e-08 -1.82321904949e-07 4.69227912012e-07 
1.2302732119e-07 6.01113288592e-09 -1.9911696128e-07 8.28416054284e-08 6.01113288592e-09 6.97633009146e-08 -4.12004844509e-08 -1.99728205578e-08 -1.9911696128e-07 -4.12004844509e-08 7.7945644247e-07 -5.1858565729e-07 8.28416054284e-08 -1.99728205578e-08 -5.1858565729e-07 6.29109175541e-07 
5.09458029105e-06 -1.58199703037e-06 -5.47255737651e-06 1.60765372726e-06 -1.58199703037e-06 5.70706695742e-07 1.63642455803e-06 -5.10678292147e-07 -5.47255737651e-06 1.63642455803e-06 6.07719883685e-06 -1.84902212313e-06 1.60765372726e-06 -5.10678292147e-07 -1.84902212313e-06 6.51676322654e-07 
6.3475731293e-05 2.45701330625e-05 -2.19388937026e-05 -6.62808388714e-05 2.45701330625e-05 1.93861969293e-05 -6.42680109605e-06 -3.76467298492e-05 -2.19388937026e-05 -6.42680109605e-06 8.01583601125e-06 2.03998122797e-05 -6.62808388714e-05 -3.76467298492e-05 2.03998122797e-05 8.3770886765e-05 
2.0660882053e-07 1.94556262614e-07 4.66600905688e-07 -8.3603628441e-07 1.94556262614e-07 2.38110347938e-07 5.05505532134e-07 -8.97468370579e-07 4.66600905688e-07 5.05505532134e-07 1.34899169921e-06 -2.22003834214e-06 -8.3603628441e-07 -8.97468370579e-07 -2.22003834214e-06 3.97219159885e-06 
0.00020803776655 5.47818413705e-05 -1.34873246918e-06 -0.000260632398643 5.47818413705e-05 1.46972536847e-05 1.66930694124e-06 -7.09086679255e-05 -1.34873246918e-06 1.66930694124e-06 1.60539554347e-05 -1.62314301294e-05 -0.000260632398643 -7.09086679255e-05 -1.62314301294e-05 0.000346569574301 
7.12962258544e-08 6.88019692326e-08 -2.69390655952e-08 -1.01264747515e-07 6.88019692326e-08 1.89820551063e-07 -6.09605727427e-08 -1.76279092224e-07 -2.69390655952e-08 -6.09605727427e-08 1.66586377042e-07 -5.04198662492e-09 -1.01264747515e-07 -1.76279092224e-07 -5.04198662492e-09 5.78914302078e-07 
4.04606314555e-07 5.65426719057e-08 -3.8701368235e-07 4.12627308027e-08 5.65426719057e-08 1.67619739584e-08 -5.72814383717e-08 5.04097687322e-09 -3.8701368235e-07 -5.72814383717e-08 3.94432185514e-07 -4.85837262735e-08 4.12627308027e-08 5.04097687322e-09 -4.85837262735e-08 3.60080309876e-08 
0.000135217558687 4.69687304101e-05 1.08482813501e-05 -0.000192926075939 4.69687304101e-05 2.12958459858e-05 7.40170126544e-06 -7.56058219941e-05 1.08482813501e-05 7.40170126544e-06 3.56187183633e-06 -2.17790588442e-05 -0.000192926075939 -7.56058219941e-05 -2.17790588442e-05 0.000290147155631 
0.000187101966352 1.98526759973e-05 -8.28594005706e-05 -0.00012377618473 1.98526759973e-05 1.34121930485e-05 -1.35534147596e-05 -1.97091805693e-05 -8.28594005706e-05 -1.35534147596e-05 3.8743269729e-05 5.75494846847e-05 -0.00012377618473 -1.97091805693e-05 5.75494846847e-05 8.57606698755e-05 
1.54916138856e-05 1.10819844777e-05 -2.43414796265e-05 -2.10110754887e-06 1.10819844777e-05 1.58477823388e-05 -2.81953174342e-05 1.29771867831e-06 -2.43414796265e-05 -2.81953174342e-05 5.29266807287e-05 -5.11684858151e-07 -2.10110754887e-06 1.29771867831e-06 -5.11684858151e-07 1.27591270401e-06 
2.45435485307e-08 -8.10007006137e-09 2.5413175747e-09 -1.36093832195e-08 -8.10007006137e-09 2.50662451672e-07 -1.14076054208e-07 -1.20578560844e-07 2.5413175747e-09 -1.14076054208e-07 2.3143571193e-07 -7.96838261312e-08 -1.36093832195e-08 -1.20578560844e-07 -7.96838261312e-08 4.14391587561e-07 
2.70659674153e-10 2.31627221938e-11 -3.53246543544e-10 2.542076613e-10 2.31627221938e-11 1.22460609918e-09 -2.82844761666e-10 8.12814138995e-11 -3.53246543544e-10 -2.82844761666e-10 9.61046491708e-09 -5.29625441564e-09 2.542076613e-10 8.12814138995e-11 -5.29625441564e-09 1.23757097334e-08 
2.60640842196e-08 2.03665798241e-09 7.66117322901e-10 -1.84749122402e-08 2.03665798241e-09 4.61259821602e-08 5.90918630585e-10 -2.75333851929e-08 7.66117322901e-10 5.90918630585e-10 1.35432267623e-07 -8.3557096785e-08 -1.84749122402e-08 -2.75333851929e-08 -8.3557096785e-08 2.76891645765e-07 
1.10670030087e-07 -3.76832785613e-09 1.21279297432e-09 -5.3862953159e-09 -3.76832785613e-09 1.24319029998e-07 6.19364996277e-10 -2.88914059985e-09 1.21279297432e-09 6.19364996277e-10 1.97394784382e-07 -7.33890623276e-09 -5.3862953159e-09 -2.88914059985e-09 -7.33890623276e-09 7.0517371448e-07 
4.31250305037e-08 3.09523234988e-09 5.9004133079e-09 -1.58462698708e-08 3.09523234988e-09 5.27369699192e-08 7.62167047385e-09 -2.02407134122e-08 5.9004133079e-09 7.62167047385e-09 1.4516688032e-07 -4.59508893842e-08 -1.58462698708e-08 -2.02407134122e-08 -4.59508893842e-08 3.24699362125e-07 
4.38768070666e-06 1.50250678344e-06 3.46024512855e-06 -9.34030485038e-06 1.50250678344e-06 5.72643732416e-07 1.14034066469e-06 -3.20399947665e-06 3.46024512855e-06 1.14034066469e-06 3.03398650919e-06 -7.60245383907e-06 -9.34030485038e-06 -3.20399947665e-06 -7.60245383907e-06 2.02758833674e-05 
0.000138958902884 0.000101439810401 -8.55236883961e-05 -0.0001553544104 0.000101439810401 7.40688667338e-05 -6.24211883674e-05 -0.000113436632016 -8.55236883961e-05 -6.24211883674e-05 5.26529970531e-05 9.55897161147e-05 -0.0001553544104 -0.000113436632016 9.55897161147e-05 0.000173743971614 
4.08549026228e-08 4.53765013761e-08 -7.71252505789e-08 4.35724235236e-09 4.53765013761e-08 1.71231476673e-07 -2.24631756134e-07 3.33209699982e-08 -7.71252505789e-08 -2.24631756134e-07 4.93195544705e-07 -1.51916849224e-07 4.35724235236e-09 3.33209699982e-08 -1.51916849224e-07 2.56641305414e-07 
9.32865906872e-09 -4.67428685348e-09 -2.31342632393e-09 2.08405022995e-09 -4.67428685348e-09 2.7776652409e-08 -4.36590258711e-09 -8.53515381428e-09 -2.31342632393e-09 -4.36590258711e-09 1.01988872474e-07 -4.45225157866e-08 2.08405022995e-09 -8.53515381428e-09 -4.45225157866e-08 2.30971096754e-07 
1.01930753285e-06 2.40418116557e-06 -1.46327130911e-07 -3.33514496459e-06 2.40418116557e-06 1.73222900756e-05 -3.40119880412e-06 -1.67841439962e-05 -1.46327130911e-07 -3.40119880412e-06 8.23427116065e-07 2.81735139522e-06 -3.33514496459e-06 -1.67841439962e-05 2.81735139522e-06 1.77394164827e-05 
8.8035544383e-08 -1.81220152746e-09 1.72936156798e-08 -9.23708454119e-08 -1.81220152746e-09 5.94470828085e-08 -2.12821581591e-08 -2.25595281162e-08 1.72936156798e-08 -2.12821581591e-08 1.92036773425e-07 -1.44583953505e-07 -9.23708454119e-08 -2.25595281162e-08 -1.44583953505e-07 4.24266078717e-07 
7.3075855481e-08 -5.02838206604e-08 5.5124332728e-09 -2.51840484808e-08 -5.02838206604e-08 2.07772912213e-07 -7.78324517679e-08 -6.63461420968e-08 5.5124332728e-09 -7.78324517679e-08 2.83699517068e-07 -1.60504766996e-07 -2.51840484808e-08 -6.63461420968e-08 -1.60504766996e-07 4.7174783872e-07 
0.000103049333152 9.97112921014e-05 3.8013752675e-05 -0.000240228684417 9.97112921014e-05 9.6536346892e-05 3.70349148745e-05 -0.000232755804972 3.8013752675e-05 3.70349148745e-05 2.10914027202e-05 -9.6008172892e-05 -0.000240228684417 -0.000232755804972 -9.6008172892e-05 0.000567842425228 
4.1363139471e-08 1.67311325394e-08 -4.01738790506e-09 -4.77996295799e-08 1.67311325394e-08 8.29850522694e-08 -2.34750370992e-08 -6.36563956259e-08 -4.01738790506e-09 -2.34750370992e-08 2.45176836778e-07 -1.70126410729e-07 -4.77996295799e-08 -6.36563956259e-08 -1.70126410729e-07 4.32897432393e-07 
1.06006285676e-05 1.96156360077e-05 -2.79491448154e-06 -2.72713775553e-05 1.96156360077e-05 3.6403057245e-05 -5.17192526396e-06 -5.05806503604e-05 -2.79491448154e-06 -5.17192526396e-06 7.68402314948e-07 7.18254118417e-06 -2.72713775553e-05 -5.05806503604e-05 7.18254118417e-06 7.03735681111e-05 
1.10586987815e-07 -3.7524778328e-09 1.2452657966e-09 -5.37550438415e-09 -3.7524778328e-09 1.2426848232e-07 6.23712786033e-10 -2.88158464693e-09 1.2452657966e-09 6.23712786033e-10 1.97342148251e-07 -7.35056868594e-09 -5.37550438415e-09 -2.88158464693e-09 -7.35056868594e-09 7.05072876014e-07 
6.5237671584e-08 3.63202376484e-07 -2.69446165426e-08 -3.25148357409e-07 3.63202376484e-07 2.82173564178e-06 -1.63412850945e-07 -2.50242295834e-06 -2.69446165426e-08 -1.63412850945e-07 4.71327999049e-08 1.38098709528e-07 -3.25148357409e-07 -2.50242295834e-06 1.38098709528e-07 2.29978370759e-06 
2.52825438177e-05 4.27409684374e-05 -3.80574059195e-05 -3.00202051771e-05 4.27409684374e-05 7.22573931251e-05 -6.43391458294e-05 -5.07508118756e-05 -3.80574059195e-05 -6.43391458294e-05 5.72905797726e-05 4.5189126287e-05 -3.00202051771e-05 -5.07508118756e-05 4.5189126287e-05 3.56483161614e-05 
2.45726546421e-08 7.86900756252e-09 5.05057530331e-10 -1.21238284521e-08 7.86900756252e-09 6.74169616466e-08 1.9184020791e-09 -4.14835041817e-08 5.05057530331e-10 1.9184020791e-09 6.96606923778e-08 -8.06303794349e-09 -1.21238284521e-08 -4.14835041817e-08 -8.06303794349e-09 3.15621989675e-07 
2.31646939353e-08 -7.46537923198e-10 5.92614644784e-10 -7.3211581483e-09 -7.46537923198e-10 3.36224636432e-08 -3.91941649834e-09 1.52498580344e-10 5.92614644784e-10 -3.91941649834e-09 1.26224843338e-07 -1.92789496348e-08 -7.3211581483e-09 1.52498580344e-10 -1.92789496348e-08 3.21323068373e-07 
1.47033116448e-07 -1.64317849236e-07 -4.94338005896e-08 5.59236042368e-08 -1.64317849236e-07 1.98230260827e-07 5.73567462626e-08 -7.55474155301e-08 -4.94338005896e-08 5.73567462626e-08 1.36639375587e-07 -1.26888091189e-07 5.59236042368e-08 -7.55474155301e-08 -1.26888091189e-07 1.83035430995e-07 
3.66444617502e-06 4.89401800755e-06 -1.19220210338e-05 3.42012267619e-06 4.89401800755e-06 6.53793951646e-06 -1.59242921671e-05 4.56807845307e-06 -1.19220210338e-05 -1.59242921671e-05 3.87927747493e-05 -1.11287350838e-05 3.42012267619e-06 4.56807845307e-06 -1.11287350838e-05 3.19521340664e-06 
7.96107186098e-09 4.46764644133e-09 3.94769103941e-09 -1.3785603279e-08 4.46764644133e-09 2.21299748564e-08 6.05346067705e-09 -2.63303613672e-08 3.94769103941e-09 6.05346067705e-09 4.23530681545e-08 -3.52422154707e-08 -1.3785603279e-08 -2.63303613672e-08 -3.52422154707e-08 1.15899618287e-07 
1.5669669793e-06 7.24918541114e-07 9.25579037714e-07 -3.21930828557e-06 7.24918541114e-07 3.89582174001e-07 3.99549110977e-07 -1.5073936625e-06 9.25579037714e-07 3.99549110977e-07 7.96695506642e-07 -2.09748729379e-06 -3.21930828557e-06 -1.5073936625e-06 -2.09748729379e-06 6.97953038885e-06 
0.000714196835233 0.000159222027922 -0.000185839352209 -0.000686796963857 0.000159222027922 3.55737538954e-05 -4.08340907821e-05 -0.000153785318673 -0.000185839352209 -4.08340907821e-05 5.31498410054e-05 0.000173333007129 -0.000686796963857 -0.000153785318673 0.000173333007129 0.000666486698657 
3.22855216535e-07 2.70404274336e-07 -3.94156991452e-07 -1.96106531588e-07 2.70404274336e-07 2.85869657622e-07 -3.82371458122e-07 -1.66746630805e-07 -3.94156991452e-07 -3.82371458122e-07 8.28085482248e-07 2.60762047536e-09 -1.96106531588e-07 -1.66746630805e-07 2.60762047536e-09 4.91195747072e-07 
1.82422534337e-06 -1.8230247512e-06 4.03410718235e-07 -4.80229448542e-07 -1.8230247512e-06 1.82508396781e-06 -4.04662893014e-07 4.79756127687e-07 4.03410718235e-07 -4.04662893014e-07 1.02944086448e-07 -1.14537538639e-07 -4.80229448542e-07 4.79756127687e-07 -1.14537538639e-07 1.43063574905e-07 
2.71259365601e-05 -1.21301276425e-05 2.28255738354e-07 -1.44589635241e-05 -1.21301276425e-05 5.43683354313e-06 -1.02262813036e-07 6.46534365452e-06 2.28255738354e-07 -1.02262813036e-07 2.48505891713e-08 -1.2545158697e-07 -1.44589635241e-05 6.46534365452e-06 -1.2545158697e-07 7.76058614728e-06 
3.84416833384e-08 4.51045854944e-10 -3.38073047849e-08 1.22441685597e-08 4.51045854944e-10 5.71148760309e-08 2.53392359217e-08 -6.57638518477e-08 -3.38073047849e-08 2.53392359217e-08 2.45764900937e-07 -1.87612651448e-07 1.22441685597e-08 -6.57638518477e-08 -1.87612651448e-07 4.92668318929e-07 
0.00011537577419 3.26094879038e-05 -8.34505516986e-05 -6.44788960203e-05 3.26094879038e-05 9.2251714159e-06 -2.35931944376e-05 -1.82243033503e-05 -8.34505516986e-05 -2.35931944376e-05 6.03793742174e-05 4.66284964492e-05 -6.44788960203e-05 -1.82243033503e-05 4.66284964492e-05 3.60544337797e-05 
1.0834500034e-07 -5.18355744606e-09 -1.22615038277e-07 2.1400056226e-08 -5.18355744606e-09 2.08358618264e-08 6.16928788506e-09 -8.45995458398e-09 -1.22615038277e-07 6.16928788506e-09 2.46867505172e-07 -7.4460119241e-08 2.1400056226e-08 -8.45995458398e-09 -7.4460119241e-08 1.58950494626e-07 
1.80540665727e-09 -3.66125362883e-10 1.85000336287e-10 -2.62928975172e-10 -3.66125362883e-10 5.6456463587e-09 3.11427733476e-10 -1.24179524856e-09 1.85000336287e-10 3.11427733476e-10 1.50444873272e-08 -1.76939060272e-09 -2.62928975172e-10 -1.24179524856e-09 -1.76939060272e-09 2.65834600329e-08 
1.56234118491e-08 -4.05425753377e-09 1.61054356152e-09 -5.85320549347e-09 -4.05425753377e-09 5.22571316444e-08 -2.8273548566e-08 -5.64120705406e-09 1.61054356152e-09 -2.8273548566e-08 1.29939577921e-07 -3.69454990321e-08 -5.85320549347e-09 -5.64120705406e-09 -3.69454990321e-08 3.18644746657e-07 
2.51492160249e-08 -1.79070934174e-09 -5.80703134817e-10 -1.13940716984e-08 -1.79070934174e-09 3.53210705282e-08 -2.7316767165e-09 -1.23380489585e-08 -5.80703134817e-10 -2.7316767165e-09 9.9242854493e-08 -3.05874385166e-08 -1.13940716984e-08 -1.23380489585e-08 -3.05874385166e-08 3.39063702241e-07 
8.87066911637e-08 3.88903299593e-08 3.57942130952e-09 -1.21860998418e-07 3.88903299593e-08 1.28954301466e-07 -1.07323404995e-07 -4.13701094781e-08 3.57942130952e-09 -1.07323404995e-07 3.32624407315e-07 -1.7946988114e-07 -1.21860998418e-07 -4.13701094781e-08 -1.7946988114e-07 5.22785867094e-07 
0.00010830213388 8.65850052467e-05 -9.14076307189e-05 -0.000103236100059 8.65850052467e-05 6.92228077702e-05 -7.30782879188e-05 -8.25348720516e-05 -9.14076307189e-05 -7.30782879188e-05 7.71488016235e-05 8.71318849159e-05 -0.000103236100059 -8.25348720516e-05 8.71318849159e-05 9.8407496007e-05 
4.4422160568e-08 -2.99162340962e-08 -4.98936808725e-08 3.45819379925e-08 -2.99162340962e-08 3.78863212943e-08 3.89612046501e-08 -3.62478918277e-08 -4.98936808725e-08 3.89612046501e-08 1.08672589295e-07 -6.94915654995e-08 3.45819379925e-08 -3.62478918277e-08 -6.94915654995e-08 1.2472909698e-07 
6.61390108676e-08 1.1357240077e-08 -6.12955345207e-08 -4.06919073873e-09 1.1357240077e-08 8.69400053634e-08 2.99900287423e-09 -8.58165492418e-08 -6.12955345207e-08 2.99900287423e-09 3.73078386954e-07 -2.70566634733e-07 -4.06919073873e-09 -8.58165492418e-08 -2.70566634733e-07 5.83732794439e-07 
3.80464222841e-08 1.45512170387e-09 -2.97069435403e-08 7.31638665729e-09 1.45512170387e-09 5.72150007533e-08 2.16096397462e-08 -6.28550811629e-08 -2.97069435403e-08 2.16096397462e-08 2.26934530176e-07 -1.67506711036e-07 7.31638665729e-09 -6.28550811629e-08 -1.67506711036e-07 4.73803234873e-07 
1.6412987206e-09 -3.76877725243e-11 -8.78913597139e-12 -3.35612233961e-11 -3.76877725243e-11 3.65098790262e-09 -1.13447960386e-10 -3.70078828492e-10 -8.78913597139e-12 -1.13447960386e-10 9.41942221469e-09 -4.716015806e-10 -3.35612233961e-11 -3.70078828492e-10 -4.716015806e-10 1.86951290092e-08 
5.80492801383e-05 7.84666093036e-05 1.47152229745e-05 -0.000150923851893 7.84666093036e-05 0.000107306970683 2.27818300019e-05 -0.000208085106491 1.47152229745e-05 2.27818300019e-05 1.09983616873e-05 -4.82698109062e-05 -0.000150923851893 -0.000208085106491 -4.82698109062e-05 0.000406357991835 
3.10016478468e-09 2.89141762505e-09 6.69886395797e-09 -1.20730338359e-08 2.89141762505e-09 1.10731584509e-08 1.4831851575e-08 -2.60205284917e-08 6.69886395797e-09 1.4831851575e-08 1.69495774478e-07 -1.75296868691e-07 -1.20730338359e-08 -2.60205284917e-08 -1.75296868691e-07 2.65017310312e-07 
1.1064099345e-07 -3.76781224111e-09 1.21507969488e-09 -5.43754448234e-09 -3.76781224111e-09 1.24264655062e-07 6.65793071882e-10 -2.99632944123e-09 1.21507969488e-09 6.65793071882e-10 1.973235069e-07 -7.47028711229e-09 -5.43754448234e-09 -2.99632944123e-09 -7.47028711229e-09 7.04882053827e-07 
0.000128205731716 9.20057197246e-06 -1.1653881325e-05 -0.000125935936113 9.20057197246e-06 6.61969059206e-07 -8.35544614793e-07 -9.03969007097e-06 -1.1653881325e-05 -8.35544614793e-07 1.0678655658e-06 1.14396748585e-05 -0.000125935936113 -9.03969007097e-06 1.14396748585e-05 0.000123718804673 
2.13778625651e-08 -1.34133159759e-09 -1.04799830491e-08 -5.31668380553e-09 -1.34133159759e-09 1.17362841742e-07 -1.71594643479e-07 6.05651876783e-08 -1.04799830491e-08 -1.71594643479e-07 4.25954621088e-07 -1.96551921273e-07 -5.31668380553e-09 6.05651876783e-08 -1.96551921273e-07 2.41267763656e-07 
3.94251143948e-05 1.45786273017e-05 -1.53456467551e-05 -3.86836292593e-05 1.45786273017e-05 6.89333876135e-06 -5.95879142275e-06 -1.54665803652e-05 -1.53456467551e-05 -5.95879142275e-06 6.02916263455e-06 1.5276280469e-05 -3.86836292593e-05 -1.54665803652e-05 1.5276280469e-05 3.88593040183e-05 
5.33957893096e-08 3.34833043728e-07 -6.45185688859e-07 2.57123688027e-07 3.34833043728e-07 2.27181958666e-06 -4.34872896331e-06 1.74510842785e-06 -6.45185688859e-07 -4.34872896331e-06 8.54153768849e-06 -3.53532844669e-06 2.57123688027e-07 1.74510842785e-06 -3.53532844669e-06 1.58119003451e-06 
1.86852101646e-09 -2.3855352946e-10 1.02365328565e-10 -3.98408938021e-10 -2.3855352946e-10 7.02702180907e-09 -1.36651841688e-09 -3.57626515051e-10 1.02365328565e-10 -1.36651841688e-09 1.83211635703e-08 -3.56085633928e-09 -3.98408938021e-10 -3.57626515051e-10 -3.56085633928e-09 3.80952565228e-08 
2.28152703033e-05 -2.59686513267e-07 -5.6598552526e-06 -1.71703758717e-05 -2.59686513267e-07 3.56207424612e-09 6.43846006534e-08 1.95401563135e-07 -5.6598552526e-06 6.43846006534e-08 1.40548842078e-06 4.25927970637e-06 -1.71703758717e-05 1.95401563135e-07 4.25927970637e-06 1.29253381889e-05 
1.10667946632e-07 -3.7969870826e-09 1.21847686348e-09 -5.3862169907e-09 -3.7969870826e-09 1.24256223609e-07 6.44919187687e-10 -2.87544836653e-09 1.21847686348e-09 6.44919187687e-10 1.97311163955e-07 -7.32404286777e-09 -5.3862169907e-09 -2.87544836653e-09 -7.32404286777e-09 7.04981795262e-07 
9.19353031203e-09 3.48422283889e-08 -2.00921382464e-07 1.51898086997e-07 3.48422283889e-08 2.86959318839e-07 -1.48587338341e-06 1.1212824833e-06 -2.00921382464e-07 -1.48587338341e-06 8.08163022464e-06 -6.13514705361e-06 1.51898086997e-07 1.1212824833e-06 -6.13514705361e-06 4.69951178861e-06 
2.75124372773e-08 3.13065614061e-09 1.83691804154e-09 -2.53684988118e-08 3.13065614061e-09 5.13704143392e-08 -1.18754861631e-08 -2.45574984002e-08 1.83691804154e-09 -1.18754861631e-08 1.31494506962e-07 -7.59037816911e-08 -2.53684988118e-08 -2.45574984002e-08 -7.59037816911e-08 3.16804229043e-07 
1.29666478174e-07 -6.21591112618e-08 -3.29783141856e-08 -2.87098505143e-08 -6.21591112618e-08 1.06679437709e-07 2.29205523879e-08 -4.71296281405e-08 -3.29783141856e-08 2.29205523879e-08 1.32331464095e-07 -6.91391613905e-08 -2.87098505143e-08 -4.71296281405e-08 -6.91391613905e-08 3.44648881763e-07 
6.21119871939e-09 1.11438161764e-10 -8.13068681555e-10 -4.79924306115e-10 1.11438161764e-10 6.37553152882e-09 1.61659926231e-10 -4.11158283974e-10 -8.13068681555e-10 1.61659926231e-10 1.22664961351e-08 -4.73204900557e-10 -4.79924306115e-10 -4.11158283974e-10 -4.73204900557e-10 2.32866992216e-08 
5.59716116993e-09 1.33725273196e-09 -4.98574292779e-10 -2.36252708162e-09 1.33725273196e-09 2.30770723695e-08 -8.01904314415e-09 -6.5154630416e-09 -4.98574292779e-10 -8.01904314415e-09 3.24768340045e-08 -5.92471056322e-10 -2.36252708162e-09 -6.5154630416e-09 -5.92471056322e-10 5.84644534708e-08 
4.29970424235e-09 -1.44842097659e-10 7.0270942942e-11 -3.70017054609e-10 -1.44842097659e-10 7.45356181411e-09 -1.07615693241e-09 -1.05113957358e-09 7.0270942942e-11 -1.07615693241e-09 1.33345458073e-08 -3.34053542916e-10 -3.70017054609e-10 -1.05113957358e-09 -3.34053542916e-10 2.18232099392e-08 
2.95050959586e-06 -1.01662027996e-05 -7.64993609949e-06 1.48504604977e-05 -1.01662027996e-05 3.52426467163e-05 2.64807710109e-05 -5.14839639813e-05 -7.64993609949e-06 2.64807710109e-05 1.99750489928e-05 -3.87293230749e-05 1.48504604977e-05 -5.14839639813e-05 -3.87293230749e-05 7.53475687817e-05 
1.10674736312e-07 -3.74450448192e-09 1.24380035136e-09 -5.45260407477e-09 -3.74450448192e-09 1.24341683596e-07 6.34010054058e-10 -2.96022406627e-09 1.24380035136e-09 6.34010054058e-10 1.97402985938e-07 -7.39409223218e-09 -5.45260407477e-09 -2.96022406627e-09 -7.39409223218e-09 7.05391090242e-07 
1.28502388981e-05 1.39195901415e-05 2.91601420238e-05 -5.57361770302e-05 1.39195901415e-05 1.59522975857e-05 2.77273275737e-05 -5.73684650867e-05 2.91601420238e-05 2.77273275737e-05 8.43599751856e-05 -0.000140864352457 -5.57361770302e-05 -5.73684650867e-05 -0.000140864352457 0.000253282910855 
9.94440175636e-08 -2.62681496294e-06 8.66011285941e-07 1.64663384906e-06 -2.62681496294e-06 6.96180747636e-05 -2.29519321338e-05 -4.36404867746e-05 8.66011285941e-07 -2.29519321338e-05 7.56885471413e-06 1.43876408442e-05 1.64663384906e-06 -4.36404867746e-05 1.43876408442e-05 2.73605769289e-05 
1.94522573699e-05 2.81278599574e-05 2.74230659853e-05 -7.44636213714e-05 2.81278599574e-05 4.07251126935e-05 3.96867772135e-05 -0.000107756272844 2.74230659853e-05 3.96867772135e-05 3.87766418277e-05 -0.000105103288316 -7.44636213714e-05 -0.000107756272844 -0.000105103288316 0.000285332538054 
1.9751040916e-07 4.89275019612e-06 4.68125028132e-06 -9.71987999116e-06 4.89275019612e-06 0.000157629222076 0.000157419550099 -0.000318161278359 4.68125028132e-06 0.000157419550099 0.00015827729594 -0.000318565421615 -9.71987999116e-06 -0.000318161278359 -0.000318565421615 0.000642888785467 
3.98315763058e-05 2.53156229025e-05 -3.33493218624e-06 -6.13879719366e-05 2.53156229025e-05 1.63454843318e-05 -3.16093518858e-06 -3.82125977177e-05 -3.33493218624e-06 -3.16093518858e-06 4.60722300919e-06 1.78791936542e-06 -6.13879719366e-05 -3.82125977177e-05 1.78791936542e-06 9.7223426003e-05 
1.30442099646e-07 1.9908502585e-07 -2.63113916734e-07 -6.82083371212e-08 1.9908502585e-07 6.95445315025e-07 -7.84988464425e-07 -1.08824746622e-07 -2.63113916734e-07 -7.84988464425e-07 1.28168252669e-06 -1.75192241477e-07 -6.82083371212e-08 -1.08824746622e-07 -1.75192241477e-07 5.41744749562e-07 
0.000854623455252 0.000419335778829 -0.000102120171691 -0.00117149334722 0.000419335778829 0.000213709578208 -4.84539803714e-05 -0.0005844192251 -0.000102120171691 -4.84539803714e-05 1.25463801836e-05 0.000137987292227 -0.00117149334722 -0.0005844192251 0.000137987292227 0.00161744927578 
1.50046066616e-07 -3.28717215157e-08 3.938484514e-08 -2.23302435319e-08 -3.28717215157e-08 2.98422050706e-07 -7.15637678987e-08 -2.81384383931e-08 3.938484514e-08 -7.15637678987e-08 6.5064280884e-07 -5.01200771264e-08 -2.23302435319e-08 -2.81384383931e-08 -5.01200771264e-08 1.62583160368e-06 
9.84691162003e-09 -4.67329305259e-11 -1.96780470093e-11 -3.61580117652e-10 -4.67329305259e-11 2.12628960788e-08 -1.13341295903e-09 -4.53119378219e-10 -1.96780470093e-11 -1.13341295903e-09 5.00930089724e-08 -8.61713789116e-10 -3.61580117652e-10 -4.53119378219e-10 -8.61713789116e-10 1.2470541202e-07 
2.57570978169e-07 3.75039064274e-07 -6.45066844619e-07 5.7607382936e-09 3.75039064274e-07 6.91994808488e-07 -1.11316650512e-06 3.93656659775e-08 -6.45066844619e-07 -1.11316650512e-06 2.1027798771e-06 -2.65283608187e-07 5.7607382936e-09 3.93656659775e-08 -2.65283608187e-07 3.6094410622e-07 
1.96481703906e-07 8.24356564247e-08 -1.66871977521e-08 -2.54504406377e-07 8.24356564247e-08 1.67468857393e-07 -3.03737011465e-08 -2.03168658572e-07 -1.66871977521e-08 -3.03737011465e-08 9.6925277423e-07 -8.63004177938e-07 -2.54504406377e-07 -2.03168658572e-07 -8.63004177938e-07 1.50425434491e-06 
3.54971868662e-06 9.56213929289e-07 -1.28268558106e-05 8.22078880833e-06 9.56213929289e-07 2.62315516823e-07 -3.4571406157e-06 2.21373186382e-06 -1.28268558106e-05 -3.4571406157e-06 4.63804135373e-05 -2.97250285514e-05 8.22078880833e-06 2.21373186382e-06 -2.97250285514e-05 1.90648422968e-05 
3.70718331964e-09 3.07419596529e-10 -1.63357839446e-10 -1.09795623289e-09 3.07419596529e-10 8.25219236865e-09 -1.10607560257e-10 -1.27938609775e-09 -1.63357839446e-10 -1.10607560257e-10 2.50819535894e-08 -2.90390390011e-09 -1.09795623289e-09 -1.27938609775e-09 -2.90390390011e-09 5.00356158766e-08 
2.07172861254e-08 2.21908437517e-08 3.29208301399e-08 -7.37875829644e-08 2.21908437517e-08 1.23947233835e-07 1.5524791672e-07 -2.96006402767e-07 3.29208301399e-08 1.5524791672e-07 5.32342772304e-07 -6.88981349242e-07 -7.37875829644e-08 -2.96006402767e-07 -6.88981349242e-07 1.23735676539e-06 
6.25478841812e-05 2.24948580313e-05 -3.01168771664e-05 -5.7392255967e-05 2.24948580313e-05 8.62023271379e-06 -1.07218582352e-05 -2.12984777144e-05 -3.01168771664e-05 -1.07218582352e-05 1.4613681709e-05 2.74500140462e-05 -5.7392255967e-05 -2.12984777144e-05 2.74500140462e-05 5.36396929609e-05 
2.0183787316e-08 -7.14426011845e-10 5.47578367026e-09 -8.2744187908e-09 -7.14426011845e-10 2.94509655608e-08 -3.69936903654e-09 1.1117315621e-09 5.47578367026e-09 -3.69936903654e-09 8.54465769113e-08 -3.70018569512e-08 -8.2744187908e-09 1.1117315621e-09 -3.70018569512e-08 1.72846106382e-07 
1.10620433641e-07 -3.75259010102e-09 1.22649866388e-09 -5.36924231333e-09 -3.75259010102e-09 1.24281388554e-07 6.18758269565e-10 -2.87144858266e-09 1.22649866388e-09 6.18758269565e-10 1.97317870916e-07 -7.28241859355e-09 -5.36924231333e-09 -2.87144858266e-09 -7.28241859355e-09 7.05072652817e-07 
9.16012096629e-08 -2.9625996728e-09 8.22804900865e-08 -1.65608820846e-07 -2.9625996728e-09 1.13504199716e-07 -1.29862519521e-07 4.43697942578e-08 8.22804900865e-08 -1.29862519521e-07 7.69998668433e-07 -7.01938472263e-07 -1.65608820846e-07 4.43697942578e-08 -7.01938472263e-07 1.09020286625e-06 
3.77881177492e-08 1.92147792021e-09 1.07331112585e-09 -9.71933168562e-09 1.92147792021e-09 3.83173288931e-08 1.18816111583e-09 -7.65518804995e-09 1.07331112585e-09 1.18816111583e-09 8.61088447482e-08 -7.99206435456e-09 -9.71933168562e-09 -7.65518804995e-09 -7.99206435456e-09 2.64160757554e-07 
1.96427569837e-09 -2.5422552128e-10 -1.93905593388e-10 -1.23633576638e-10 -2.5422552128e-10 7.82679519037e-09 -3.23325703837e-09 -2.52952369758e-10 -1.93905593388e-10 -3.23325703837e-09 1.3627741972e-08 -1.61874378141e-09 -1.23633576638e-10 -2.52952369758e-10 -1.61874378141e-09 2.55126498638e-08 
1.98104403118e-06 -1.98571565501e-06 -9.91796864154e-07 1.06611719697e-06 -1.98571565501e-06 1.99212156861e-06 9.94182682482e-07 -1.06895800724e-06 -9.91796864154e-07 9.94182682482e-07 4.98683824685e-07 -5.33986103817e-07 1.06611719697e-06 -1.06895800724e-06 -5.33986103817e-07 5.78721431298e-07 
1.10620518296e-07 -3.75477325077e-09 1.2293145573e-09 -5.37018033916e-09 -3.75477325077e-09 1.24277673095e-07 6.23171423494e-10 -2.87224104061e-09 1.2293145573e-09 6.23171423494e-10 1.97310514185e-07 -7.28222098294e-09 -5.37018033916e-09 -2.87224104061e-09 -7.28222098294e-09 7.05070238888e-07 
2.57472198111e-07 2.44999946842e-09 -2.23620259179e-10 -6.93159253428e-09 2.44999946842e-09 3.33653584975e-07 1.06779163199e-09 -7.16912631057e-09 -2.23620259179e-10 1.06779163199e-09 8.17973764242e-07 -6.84233293618e-09 -6.93159253428e-09 -7.16912631057e-09 -6.84233293618e-09 2.97056503472e-06 
4.95464531697e-05 6.72050660129e-05 1.07896177972e-05 -0.000127410161179 6.72050660129e-05 9.11583684678e-05 1.46353001465e-05 -0.000172820971921 1.07896177972e-05 1.46353001465e-05 2.35088611197e-06 -2.77465360399e-05 -0.000127410161179 -0.000172820971921 -2.77465360399e-05 0.000327643294373 
1.10611428538e-07 -3.75512357979e-09 1.23067004801e-09 -5.35985940355e-09 -3.75512357979e-09 1.24282294978e-07 6.27053721676e-10 -2.87651281696e-09 1.23067004801e-09 6.27053721676e-10 1.97315746812e-07 -7.28669426015e-09 -5.35985940355e-09 -2.87651281696e-09 -7.28669426015e-09 7.05095805459e-07 
1.44377380378e-05 5.31867470332e-06 -5.76260850432e-06 -1.38216963051e-05 5.31867470332e-06 1.95940083666e-06 -2.12287233691e-06 -5.09175715167e-06 -5.76260850432e-06 -2.12287233691e-06 2.3002387191e-06 5.5166986974e-06 -1.38216963051e-05 -5.09175715167e-06 5.5166986974e-06 1.32323598066e-05 
3.08683760411e-06 -9.49918994479e-06 1.71908753642e-05 -1.05190806412e-05 -9.49918994479e-06 5.13453650364e-05 -8.00369112791e-05 3.69008252652e-05 1.71908753642e-05 -8.00369112791e-05 0.000129064127455 -6.41592736285e-05 -1.05190806412e-05 3.69008252652e-05 -6.41592736285e-05 3.68199414805e-05 
5.79914591719e-05 1.40004617538e-05 -3.03042776277e-05 -4.25365215166e-05 1.40004617538e-05 3.39702679079e-06 -7.31951917579e-06 -1.0277207013e-05 -3.03042776277e-05 -7.31951917579e-06 1.59103641815e-05 2.21827618687e-05 -4.25365215166e-05 -1.0277207013e-05 2.21827618687e-05 3.13299294637e-05 
8.88522913254e-05 0.000103993363191 -2.50750273888e-05 -0.000167761270001 0.000103993363191 0.000121719961708 -2.93472832378e-05 -0.000196353690138 -2.50750273888e-05 -2.93472832378e-05 7.10056339054e-06 4.73261144523e-05 -0.000167761270001 -0.000196353690138 4.73261144523e-05 0.00031678243455 
6.64828786995e-08 3.91808684359e-08 5.6607004856e-08 -1.56843421594e-07 3.91808684359e-08 7.55793534519e-08 3.92248267671e-08 -1.43071510708e-07 5.6607004856e-08 3.92248267671e-08 1.33212986322e-07 -2.00267394463e-07 -1.56843421594e-07 -1.43071510708e-07 -2.00267394463e-07 5.83147654341e-07 
1.74192258224e-06 -2.74348418707e-07 1.69976550916e-07 -3.61769279921e-07 -2.74348418707e-07 3.92229832725e-06 7.05677675699e-07 -2.22331762587e-06 1.69976550916e-07 7.05677675699e-07 8.57018344984e-06 -2.64591384108e-06 -3.61769279921e-07 -2.22331762587e-06 -2.64591384108e-06 2.71080364689e-05 
1.01037783516e-07 -9.07539316743e-09 1.06278603099e-07 -1.94009777794e-07 -9.07539316743e-09 1.23014857999e-07 -1.59868126274e-07 7.23316693052e-08 1.06278603099e-07 -1.59868126274e-07 9.04099829412e-07 -8.36466405129e-07 -1.94009777794e-07 7.23316693052e-08 -8.36466405129e-07 1.23117559373e-06 
