log likelihood: 19810.6848946
new xmean 
[[ 0.00515104  0.04181246  0.29945602  0.65459051]
 [ 0.35303478  0.26067298  0.26462759  0.12313748]
 [ 0.02662334  0.13775383  0.33397793  0.50153825]
 ..., 
 [ 0.00785567  0.10072339  0.28549855  0.6057007 ]
 [ 0.09017003  0.2477335   0.29171907  0.37011459]
 [ 0.19885683  0.25278485  0.299894    0.24880644]]
new xamp 
[  1.38390065e-007   7.31800307e-006   2.00694119e-002   2.01878177e-004
   1.01105809e-007   1.87358246e-003   2.05490841e-005   4.13402474e-007
   1.16401349e-002   2.38283158e-004   8.44054656e-007   2.25880764e-004
   1.48426712e-004   6.03949237e-003   3.69001846e-003   2.16901015e-003
   4.90853410e-002   9.27525382e-002   1.94090821e-005   2.08588416e-004
   5.66378508e-004   9.16618538e-003   0.00000000e+000   9.25573523e-004
   5.38129957e-003   1.38947047e-003   8.73596848e-008   2.53218075e-007
   7.09943677e-003   3.55100911e-004   2.68483301e-004   1.58960759e-002
   4.52515802e-019   7.24806192e-003   7.55020943e-004   5.07358704e-004
   3.57133705e-003   5.61723429e-002   3.13870570e-004   1.60365090e-002
   2.91342995e-005   2.08114408e-004   7.72463825e-003   1.08372599e-002
   2.59765386e-002   8.93583811e-005   2.84003409e-004   1.90086420e-004
   3.54493892e-011   3.06593588e-006   1.08468093e-003   1.22424378e-002
   4.68870919e-005   3.49763377e-005   1.18989574e-002   1.22453502e-007
   1.16148593e-004   7.40199155e-003   3.33126697e-006   2.21788668e-004
   3.55103892e-007   9.46957211e-005   6.55743896e-003   7.32400895e-008
   5.61632564e-011   2.69061635e-003   3.60300109e-003   3.92161640e-004
   1.22512974e-005   3.58714118e-002   1.53659002e-005   2.63311924e-003
   9.66070311e-005   8.63225347e-006   6.93126740e-003   7.31837246e-005
   5.62992137e-005   1.17835132e-004   2.27308365e-005   1.42347073e-004
   1.27555783e-002   1.85688976e-004   3.61295121e-004   6.72951345e-005
   8.80628270e-005   4.57632213e-003   1.28999241e-003   7.39122598e-008
   1.14311341e-002   2.57067527e-004   3.26316212e-003   2.82293109e-003
   1.33644090e-010   1.36590880e-003   9.40519298e-009   1.08855891e-003
   7.66649216e-005   1.09804810e-004   8.05972009e-005   4.91237525e-005
   1.15098416e-004   1.77804333e-003   1.22054416e-011   1.98185845e-003
   5.90710892e-004   3.29152593e-003   8.03519121e-004   5.61010897e-003
   4.25831611e-006   2.39810240e-002   2.33537578e-310   7.02963208e-006
   3.40075719e-004   1.14349677e-011   5.01559216e-004   2.02306442e-006
   3.75246569e-004   6.27571819e-004   1.57990397e-017   5.74039877e-010
   2.57755005e-006   2.20628029e-007   3.05446710e-004   4.95600418e-004
   5.14765755e-010   3.04257339e-015   5.91104102e-003   2.17114122e-010
   1.76934331e-002   7.55886787e-004   1.04491674e-003   3.00975228e-003
   1.18853986e-004   0.00000000e+000   6.55361387e-004   4.22645354e-005
   1.54546058e-005   1.49704240e-005   1.86485205e-004   1.46920864e-013
   6.97484190e-009   9.47853573e-002   6.62789914e-003   6.37544721e-003
   9.27253102e-008   1.38835617e-004   1.81252842e-011   8.83220762e-005
   5.21944173e-004   2.83888853e-003   4.77665283e-002   1.77222431e-006
   1.20385611e-009   4.12434892e-003   1.53872878e-011   2.48173077e-002
   2.21943028e-003   2.70206423e-003   3.15683355e-003   8.95994894e-003
   9.89692376e-012   8.58090252e-011   6.65407358e-009   1.13073466e-003
   1.55445723e-002   2.27600279e-012   6.38013886e-009   6.87460212e-005
   5.33242607e-014   4.49346361e-008   7.43807639e-004   1.32372052e-003
   1.41991981e-008   3.27439863e-003   2.91936793e-004   2.22869559e-020
   1.31936319e-004   3.03731817e-005   1.21755986e-004   2.10926307e-004
   3.55884299e-004   3.93518337e-007   1.89130739e-004   1.55384148e-005
   2.16507464e-005   9.02032589e-004   9.02956549e-010   1.44306204e-003
   8.31413341e-005   2.33083145e-003   2.84623334e-005   7.41264350e-011
   3.07704225e-004   3.90274373e-009   1.50962266e-007   4.41631834e-003
   1.89935906e-003   3.68657609e-013   1.10443702e-013   6.38826496e-004
   4.60623962e-006   1.01183039e-012   1.08302007e-002   1.57904541e-005
   4.46029058e-004   3.04119265e-007   4.96744787e-004   1.03881545e-008
   2.69392446e-005   2.34956970e-005   7.20597930e-007   2.38402157e-009
   2.31258016e-013   2.15403869e-005   2.32273905e-013   2.84542447e-004
   5.53721314e-004   1.83072627e-011   3.99936134e-006   1.59688732e-003
   3.27580194e-003   1.06169792e-006   5.80114156e-009   8.84390519e-005
   4.38391735e-004   3.83948076e-003   3.16513530e-005   5.49307333e-004
   9.16790785e-004   1.12837862e-004   1.17447912e-010   6.40625282e-003
   2.39366178e-011   1.45390965e-010   7.32300666e-005   6.19323309e-010
   1.59193891e-002   2.39399301e-003   5.65951875e-008   3.95127684e-004
   7.19689111e-011   3.31264165e-003   1.39896481e-003   5.31522493e-005
   2.23072322e-003   7.56633286e-004   1.63108249e-004   1.87919454e-011
   2.61933155e-015   2.12664870e-003   9.94084698e-006   6.79676915e-008
   6.31348907e-004   1.27997590e-004   1.55340810e-003   2.24791534e-089
   1.52884371e-016   1.93791844e-017   1.74853041e-005   2.50181376e-007
   1.57820768e-022   7.71945512e-003   4.57219262e-015   2.54713905e-004
   5.20117644e-008   1.08192686e-009   3.85939356e-007   7.48070061e-003
   6.12567804e-004   3.12342945e-272   5.25824565e-005   8.22863563e-006
   7.73980400e-014   7.56260006e-010   3.14233822e-010   1.93217700e-002
   4.83977368e-005   3.52352314e-004   9.32525590e-005   2.09331165e-004
   4.37359675e-005   2.43784985e-008   1.31707796e-015   1.33003092e-024
   2.25436822e-010   6.79287908e-004   3.24038675e-004   7.06467573e-028
   1.36041910e-003   8.89076714e-004   8.13980277e-026   4.11031587e-007
   1.73913770e-026   4.31929037e-006   9.51015126e-003   4.02134540e-020
   1.76521025e-002   3.19400738e-004   6.11843447e-003   3.83650808e-003
   1.78684215e-010   4.76533956e-033   1.80534304e-004   2.67070460e-002
   7.88737513e-024   2.14741210e-031   7.53886465e-016   1.85293207e-290
   6.11296051e-028   1.99756602e-004   3.38709150e-004   5.60775496e-046
   1.15034403e-007   4.87279271e-010   9.49973248e-040   1.30473101e-004
   2.32713739e-029   5.87192087e-009   8.66387777e-019   2.34504170e-006
   7.99864288e-005   2.06351408e-003   8.00742973e-012   1.27924618e-014
   5.53852388e-006   4.32669139e-004   3.21252719e-009   2.74514719e-003
   1.28559059e-004   4.04422373e-004   1.88649954e-005   4.70764307e-062
   1.14003110e-012   1.33244565e-009   8.98456582e-005   9.01830645e-004
   1.83884661e-060   1.76037392e-003   1.85274096e-004   4.29152658e-004
   1.24981709e-035   4.86450277e-039   1.11461203e-023   1.91147433e-004
   9.38895094e-012   7.66100939e-005   1.02208306e-004   8.31404864e-018
   3.81838819e-013   1.24678663e-005   2.35146601e-004   1.15702770e-011
   3.68394060e-005   1.12483383e-003   2.11049191e-004   1.13466933e-005
   1.96480235e-006   8.26732932e-003   1.85114150e-005   8.25781845e-011
   1.16830960e-010   3.85623425e-006   5.11402482e-004   3.14995754e-004
   1.54118454e-005   2.23559495e-007   3.87800379e-005   1.83518000e-004
   8.81005075e-004   8.64375829e-007   4.79813668e-079   1.09698322e-004
   3.78275573e-020   9.57392093e-013   2.31716629e-011   1.45030096e-004
   1.93787488e-076   3.32666189e-008   2.50862436e-006   1.38156783e-008
   7.66842783e-014   5.61018546e-010   2.96052725e-005   1.06565046e-017
   2.89000580e-005   8.45271112e-004   3.15565343e-005   9.86197605e-006
   1.80500873e-005   2.12672287e-005   1.11968652e-011   2.96561692e-004
   6.54650401e-003   1.75838774e-004   1.19313863e-003   3.55990827e-004
   8.33536842e-005   3.77067745e-004   1.45825603e-004]
diff in  xamp 
[ -3.13465785e-03  -3.12747824e-03   1.69346157e-02  -2.93291806e-03
  -3.13469513e-03  -1.26121378e-03  -3.11424715e-03  -3.13438284e-03
   8.50533867e-03  -2.89651308e-03  -3.13395218e-03  -2.90891547e-03
  -2.98636953e-03   2.90469613e-03   5.55222221e-04  -9.65786088e-04
   4.59505447e-02   8.96177420e-02  -3.11538716e-03  -2.92620782e-03
  -2.56841773e-03   6.03138914e-03  -3.13479624e-03  -2.20922272e-03
   2.24650333e-03  -1.74532577e-03  -3.13470888e-03  -3.13454302e-03
   3.96464053e-03  -2.77969533e-03  -2.86631294e-03   1.27612797e-02
  -3.13479624e-03   4.11326569e-03  -2.37977530e-03  -2.62743753e-03
   4.36540812e-04   5.30375467e-02  -2.82092567e-03   1.29017128e-02
  -3.10566194e-03  -2.92668183e-03   4.58984201e-03   7.70246371e-03
   2.28417424e-02  -3.04543786e-03  -2.85079283e-03  -2.94470982e-03
  -3.13479620e-03  -3.13173030e-03  -2.05011531e-03   9.10764158e-03
  -3.08790915e-03  -3.09981990e-03   8.76416115e-03  -3.13467378e-03
  -3.01864765e-03   4.26719531e-03  -3.13146497e-03  -2.91300757e-03
  -3.13444113e-03  -3.04010052e-03   3.42264272e-03  -3.13472300e-03
  -3.13479618e-03  -4.44179885e-04   4.68204850e-04  -2.74263460e-03
  -3.12254494e-03   3.27366156e-02  -3.11943034e-03  -5.01676997e-04
  -3.03818921e-03  -3.12616398e-03   3.79647116e-03  -3.06161251e-03
  -3.07849702e-03  -3.01696111e-03  -3.11206540e-03  -2.99244917e-03
   9.62078210e-03  -2.94910726e-03  -2.77350112e-03  -3.06750110e-03
  -3.04673341e-03   1.44152589e-03  -1.84480383e-03  -3.13472233e-03
   8.29633788e-03  -2.87772871e-03   1.28365884e-04  -3.11865147e-04
  -3.13479610e-03  -1.76888744e-03  -3.13478683e-03  -2.04623732e-03
  -3.05813132e-03  -3.02499143e-03  -3.05419904e-03  -3.08567249e-03
  -3.01969782e-03  -1.35675291e-03  -3.13479623e-03  -1.15293778e-03
  -2.54408535e-03   1.56729697e-04  -2.33127712e-03   2.47531273e-03
  -3.13053792e-03   2.08462277e-02  -3.13479624e-03  -3.12776661e-03
  -2.79472052e-03  -3.13479623e-03  -2.63323702e-03  -3.13277317e-03
  -2.75954967e-03  -2.50722442e-03  -3.13479624e-03  -3.13479566e-03
  -3.13221869e-03  -3.13457561e-03  -2.82934953e-03  -2.63919582e-03
  -3.13479572e-03  -3.13479624e-03   2.77624478e-03  -3.13479602e-03
   1.45586369e-02  -2.37890945e-03  -2.08987949e-03  -1.25043962e-04
  -3.01594225e-03  -3.13479624e-03  -2.47943485e-03  -3.09253170e-03
  -3.11934163e-03  -3.11982581e-03  -2.94831103e-03  -3.13479624e-03
  -3.13478926e-03   9.16505610e-02   3.49310290e-03   3.24065097e-03
  -3.13470351e-03  -2.99596062e-03  -3.13479622e-03  -3.04647416e-03
  -2.61285207e-03  -2.95907712e-04   4.46317320e-02  -3.13302401e-03
  -3.13479503e-03   9.89552680e-04  -3.13479622e-03   2.16825115e-02
  -9.15365961e-04  -4.32732010e-04   2.20373084e-05   5.82515270e-03
  -3.13479623e-03  -3.13479615e-03  -3.13478958e-03  -2.00406158e-03
   1.24097760e-02  -3.13479624e-03  -3.13478986e-03  -3.06605022e-03
  -3.13479624e-03  -3.13475130e-03  -2.39098860e-03  -1.81107572e-03
  -3.13478204e-03   1.39602395e-04  -2.84285945e-03  -3.13479624e-03
  -3.00285992e-03  -3.10442306e-03  -3.01304025e-03  -2.92386993e-03
  -2.77891194e-03  -3.13440272e-03  -2.94566550e-03  -3.11925782e-03
  -3.11314549e-03  -2.23276365e-03  -3.13479534e-03  -1.69173420e-03
  -3.05165490e-03  -8.03964787e-04  -3.10633390e-03  -3.13479616e-03
  -2.82709201e-03  -3.13479234e-03  -3.13464528e-03   1.28152211e-03
  -1.23543718e-03  -3.13479624e-03  -3.13479624e-03  -2.49596974e-03
  -3.13019000e-03  -3.13479624e-03   7.69540451e-03  -3.11900578e-03
  -2.68876718e-03  -3.13449212e-03  -2.63805145e-03  -3.13478585e-03
  -3.10785699e-03  -3.11130054e-03  -3.13407564e-03  -3.13479385e-03
  -3.13479624e-03  -3.11325585e-03  -3.13479624e-03  -2.85025379e-03
  -2.58107492e-03  -3.13479622e-03  -3.13079688e-03  -1.53790892e-03
   1.41005705e-04  -3.13373454e-03  -3.13479044e-03  -3.04635719e-03
  -2.69640450e-03   7.04684525e-04  -3.10314489e-03  -2.58548890e-03
  -2.21800545e-03  -3.02195838e-03  -3.13479612e-03   3.27145658e-03
  -3.13479621e-03  -3.13479609e-03  -3.06156617e-03  -3.13479562e-03
   1.27845928e-02  -7.40803228e-04  -3.13473964e-03  -2.73966855e-03
  -3.13479617e-03   1.77845409e-04  -1.73583143e-03  -3.08164399e-03
  -9.04073014e-04  -2.37816295e-03  -2.97168799e-03  -3.13479622e-03
  -3.13479624e-03  -1.00814754e-03  -3.12485539e-03  -3.13472827e-03
  -2.50344733e-03  -3.00679865e-03  -1.58138814e-03  -3.13479624e-03
  -3.13479624e-03  -3.13479624e-03  -3.11731093e-03  -3.13454606e-03
  -3.13479624e-03   4.58465888e-03  -3.13479624e-03  -2.88008233e-03
  -3.13474423e-03  -3.13479516e-03  -3.13441030e-03   4.34590437e-03
  -2.52222843e-03  -3.13479624e-03  -3.08221378e-03  -3.12656760e-03
  -3.13479624e-03  -3.13479548e-03  -3.13479592e-03   1.61869738e-02
  -3.08639850e-03  -2.78244392e-03  -3.04154368e-03  -2.92546507e-03
  -3.09106027e-03  -3.13477186e-03  -3.13479624e-03  -3.13479624e-03
  -3.13479601e-03  -2.45550833e-03  -2.81075756e-03  -3.13479624e-03
  -1.77437714e-03  -2.24571952e-03  -3.13479624e-03  -3.13438521e-03
  -3.13479624e-03  -3.13047695e-03   6.37535502e-03  -3.13479624e-03
   1.45173062e-02  -2.81539550e-03   2.98363823e-03   7.01711846e-04
  -3.13479606e-03  -3.13479624e-03  -2.95426193e-03   2.35722497e-02
  -3.13479624e-03  -3.13479624e-03  -3.13479624e-03  -3.13479624e-03
  -3.13479624e-03  -2.93503964e-03  -2.79608709e-03  -3.13479624e-03
  -3.13468120e-03  -3.13479575e-03  -3.13479624e-03  -3.00432314e-03
  -3.13479624e-03  -3.13479037e-03  -3.13479624e-03  -3.13245120e-03
  -3.05480981e-03  -1.07128215e-03  -3.13479623e-03  -3.13479624e-03
  -3.12925771e-03  -2.70212710e-03  -3.13479303e-03  -3.89649048e-04
  -3.00623718e-03  -2.73037387e-03  -3.11593124e-03  -3.13479624e-03
  -3.13479624e-03  -3.13479491e-03  -3.04495058e-03  -2.23296559e-03
  -3.13479624e-03  -1.37442232e-03  -2.94952214e-03  -2.70564358e-03
  -3.13479624e-03  -3.13479624e-03  -3.13479624e-03  -2.94364881e-03
  -3.13479623e-03  -3.05818614e-03  -3.03258793e-03  -3.13479624e-03
  -3.13479624e-03  -3.12232837e-03  -2.89964964e-03  -3.13479623e-03
  -3.09795683e-03  -2.00996241e-03  -2.92374705e-03  -3.12344954e-03
  -3.13283144e-03   5.13253309e-03  -3.11628482e-03  -3.13479616e-03
  -3.13479612e-03  -3.13094000e-03  -2.62339376e-03  -2.81980048e-03
  -3.11938439e-03  -3.13457268e-03  -3.09601620e-03  -2.95127824e-03
  -2.25379116e-03  -3.13393186e-03  -3.13479624e-03  -3.02509792e-03
  -3.13479624e-03  -3.13479624e-03  -3.13479622e-03  -2.98976614e-03
  -3.13479624e-03  -3.13476297e-03  -3.13228761e-03  -3.13478242e-03
  -3.13479624e-03  -3.13479568e-03  -3.10519097e-03  -3.13479624e-03
  -3.10589618e-03  -2.28952513e-03  -3.10323970e-03  -3.12493426e-03
  -3.11674615e-03  -3.11352901e-03  -3.13479623e-03  -2.83823455e-03
   3.41170777e-03  -2.95895746e-03  -1.94165761e-03  -2.77880541e-03
  -3.05144255e-03  -2.75772849e-03  -2.98897063e-03]
new xcovar: 
[[[  5.57294632e-08  -1.01288320e-08  -4.26032528e-09  -3.07627767e-08]
  [ -1.01288320e-08   2.01083229e-07  -2.03463665e-07   3.46406516e-08]
  [ -4.26032528e-09  -2.03463665e-07   6.01105859e-07  -2.34248145e-07]
  [ -3.07627767e-08   3.46406516e-08  -2.34248145e-07   7.96926951e-07]]

 [[  4.30652064e-08   3.18051432e-09   5.97913872e-09  -1.58963437e-08]
  [  3.18051432e-09   5.26270936e-08   7.74025350e-09  -2.02413454e-08]
  [  5.97913872e-09   7.74025350e-09   1.45439172e-07  -4.61815741e-08]
  [ -1.58963437e-08  -2.02413454e-08  -4.61815741e-08   3.25315827e-07]]

 [[  5.43378047e-06   2.32484503e-05   4.10987946e-06  -3.27112931e-05]
  [  2.32484503e-05   1.05177941e-04   1.33837277e-05  -1.41482187e-04]
  [  4.10987946e-06   1.33837277e-05   6.40227860e-06  -2.38117645e-05]
  [ -3.27112931e-05  -1.41482187e-04  -2.38117645e-05   1.97543022e-04]]

 ..., 
 [[  2.47275795e-09  -5.18227980e-10   1.23659571e-09  -2.49600748e-09]
  [ -5.18227980e-10   1.20825784e-08   1.73735344e-09  -8.96027667e-09]
  [  1.23659571e-09   1.73735344e-09   3.72347934e-08  -2.21006801e-08]
  [ -2.49600748e-09  -8.96027667e-09  -2.21006801e-08   1.21441133e-07]]

 [[  1.51683154e-05   6.84056954e-06   1.37690114e-05  -3.62050922e-05]
  [  6.84056954e-06   3.09698285e-06   6.20819055e-06  -1.63341808e-05]
  [  1.37690114e-05   6.20819055e-06   1.25429705e-05  -3.28985301e-05]
  [ -3.62050922e-05  -1.63341808e-05  -3.28985301e-05   8.64909609e-05]]

 [[  6.96292769e-06  -1.10075272e-06   9.76149213e-06  -1.51291846e-05]
  [ -1.10075272e-06   1.77503290e-07  -1.54343376e-06   2.39203991e-06]
  [  9.76149213e-06  -1.54343376e-06   1.36958598e-05  -2.12165601e-05]
  [ -1.51291846e-05   2.39203991e-06  -2.12165601e-05   3.28970488e-05]]]
